1 5
1 2
1 4
2 4
2 3
3 4
3 8
4 5
4 8
5 6
5 7
5 8
6 7
7 8
0 1 0 1 1 0 0 0 0 0 
1 0 1 1 0 0 0 0 0 0 
0 1 0 1 0 0 0 1 0 0 
1 1 1 0 1 0 0 1 0 0 
1 0 0 1 0 1 1 1 0 0 
0 0 0 0 1 0 1 0 0 0 
0 0 0 0 1 1 0 1 0 0 
0 0 1 1 1 0 1 0 0 0 
0 0 0 0 0 0 0 0 0 0 
0 0 0 0 0 0 0 0 0 0 


 To color the map, you need: 5 colors
1 1 0 1 1 0 0 0 0 0 
1 2 1 1 0 0 0 0 0 0 
0 1 1 1 0 0 0 1 0 0 
1 1 1 5 1 0 0 1 0 0 
1 0 0 1 4 1 1 1 0 0 
0 0 0 0 1 1 1 0 0 0 
0 0 0 0 1 1 2 1 0 0 
0 0 1 1 1 0 1 3 0 0 
0 0 0 0 0 0 0 0 1 0 
0 0 0 0 0 0 0 0 0 1 

